[gd_scene load_steps=13 format=3 uid="uid://c5gdcmbmi5tu2"]

[ext_resource type="PackedScene" uid="uid://ddibr07fl5tn3" path="res://tscn/escena.tscn" id="1_sheig"]
[ext_resource type="PackedScene" uid="uid://bb5rs3gnvnupt" path="res://tscn/player.tscn" id="2_qfepm"]
[ext_resource type="PackedScene" uid="uid://bsnmotlps06o6" path="res://tscn/mesa.tscn" id="4_q3ai7"]
[ext_resource type="PackedScene" uid="uid://s0uiku142yun" path="res://tscn/hoja_en_blanco.tscn" id="4_woco5"]
[ext_resource type="PackedScene" uid="uid://teglu8burfwl" path="res://tscn/carpeta.tscn" id="5_dsiqm"]
[ext_resource type="PackedScene" uid="uid://dxoq2kpv5wq0y" path="res://tscn/caja.tscn" id="6_s2at8"]
[ext_resource type="PackedScene" uid="uid://c46obgx0bh18r" path="res://tscn/timbre.tscn" id="7_3efmt"]
[ext_resource type="PackedScene" uid="uid://b380gesn5ij8p" path="res://tscn/fotocopiadora.tscn" id="8_ulofg"]
[ext_resource type="PackedScene" uid="uid://ck4p3vb4t5r1a" path="res://tscn/boton_validacion.tscn" id="9_pks04"]
[ext_resource type="PackedScene" uid="uid://cpm85fmv03y7h" path="res://tscn/punto_entrega.tscn" id="10_v4rg1"]
[ext_resource type="PackedScene" uid="uid://bsn7uiictxb14" path="res://tscn/archivador.tscn" id="11_tv1hf"]

[sub_resource type="Environment" id="Environment_ec7mh"]

[node name="escenario" type="Node3D"]

[node name="WorldEnvironment" type="WorldEnvironment" parent="."]
environment = SubResource("Environment_ec7mh")

[node name="escena" parent="." instance=ExtResource("1_sheig")]

[node name="player" parent="." instance=ExtResource("2_qfepm")]
transform = Transform3D(-0.0416315, 0, -0.999133, 0, 1, 0, 0.999133, 0, -0.0416315, 2.10913, 0, -5.0699)

[node name="OmniLight3D" type="OmniLight3D" parent="."]
transform = Transform3D(1, 0, 0, 0, 1, 0, 0, 0, 1, 0.846815, 2.76487, -4.35603)
light_energy = 0.871
omni_range = 5.166

[node name="mesa" parent="." instance=ExtResource("4_q3ai7")]
transform = Transform3D(1, 0, 0, 0, 1, 0, 0, 0, 1, 7, 0, -5)

[node name="hoja_en_blanco" parent="." instance=ExtResource("4_woco5")]
transform = Transform3D(1, 0, 0, 0, 1, 0, 0, 0, 1, 6.7588, 1.17181, -4.64703)

[node name="carpeta" parent="." instance=ExtResource("5_dsiqm")]
transform = Transform3D(1, 0, 0, 0, 1, 0, 0, 0, 1, 7.10611, 1.71097, -4.17969)

[node name="caja" parent="." instance=ExtResource("6_s2at8")]
transform = Transform3D(1, 0, 0, 0, 1, 0, 0, 0, 1, 3.52546, -0.087338, -1.95861)

[node name="carpeta2" parent="." instance=ExtResource("5_dsiqm")]
transform = Transform3D(1, 0, 0, 0, 1, 0, 0, 0, 1, 5.51346, 0.87911, -6.7286)

[node name="carpeta3" parent="." instance=ExtResource("5_dsiqm")]
transform = Transform3D(1, 0, 0, 0, 1, 0, 0, 0, 1, 6.80762, 2.30192, -5.33981)

[node name="caja2" parent="." instance=ExtResource("6_s2at8")]
transform = Transform3D(1, 0, 0, 0, 1, 0, 0, 0, 1, 2.35266, 0.106397, -2.35773)

[node name="SpawnPoints" type="Node3D" parent="."]
transform = Transform3D(1, 0, 0, 0, 1, 0, 0, 0, 1, -1.98649, 4.21805, -6.98092)

[node name="Marker3D" type="Marker3D" parent="SpawnPoints"]

[node name="timbre" parent="." instance=ExtResource("7_3efmt")]
transform = Transform3D(1, 0, 0, 0, 1, 0, 0, 0, 1, 0.203853, 2.02324, -0.963989)

[node name="fotocopiadora" parent="." instance=ExtResource("8_ulofg")]
transform = Transform3D(-0.0434625, 0, 0.999055, 0, 1, 0, -0.999055, 0, -0.0434625, -1.13637, 0.106397, -3.50326)

[node name="boton_validacion" parent="." instance=ExtResource("9_pks04")]
transform = Transform3D(1, 0, 0, 0, 1, 0, 0, 0, 1, -2.53623, 1.14979, -5.68149)

[node name="punto_entrega" parent="." node_paths=PackedStringArray("boton") instance=ExtResource("10_v4rg1")]
transform = Transform3D(1, 0, 0, 0, 1, 0, 0, 0, 1, -2.69208, 0.785303, -6.83243)
boton = NodePath("../boton_validacion")

[node name="archivador" parent="." instance=ExtResource("11_tv1hf")]
transform = Transform3D(-0.296008, 0, -0.955185, 0, 1, 0, 0.955185, 0, -0.296008, 11.8633, -0.180912, -7.33422)

[node name="archivador2" parent="." instance=ExtResource("11_tv1hf")]
transform = Transform3D(-0.296008, 0, -0.955185, 0, 1, 0, 0.955185, 0, -0.296008, 13.7368, -0.180912, -7.33422)

[node name="archivador3" parent="." instance=ExtResource("11_tv1hf")]
transform = Transform3D(-0.296008, 0, -0.955185, 0, 1, 0, 0.955185, 0, -0.296008, 15.9276, -0.180912, -7.33422)

[node name="archivador4" parent="." instance=ExtResource("11_tv1hf")]
transform = Transform3D(-0.296008, 0, -0.955185, 0, 1, 0, 0.955185, 0, -0.296008, 18.6251, -0.180912, -7.33422)

[node name="archivador5" parent="." instance=ExtResource("11_tv1hf")]
transform = Transform3D(-0.296008, 0, -0.955185, 0, 1, 0, 0.955185, 0, -0.296008, 21.5456, -0.180912, -7.33422)

[node name="archivador6" parent="." instance=ExtResource("11_tv1hf")]
transform = Transform3D(-0.346101, 0, 0.938197, 0, 1, 0, -0.938197, 0, -0.346101, 24.0304, -0.180912, -2.02505)

[node name="archivador7" parent="." instance=ExtResource("11_tv1hf")]
transform = Transform3D(-0.346101, 0, 0.938197, 0, 1, 0, -0.938197, 0, -0.346101, 19.4149, -0.180912, -2.02505)

[node name="archivador8" parent="." instance=ExtResource("11_tv1hf")]
transform = Transform3D(-0.346101, 0, 0.938197, 0, 1, 0, -0.938197, 0, -0.346101, 16.6985, -0.180912, -2.02505)

[node name="archivador9" parent="." instance=ExtResource("11_tv1hf")]
transform = Transform3D(-0.346101, 0, 0.938197, 0, 1, 0, -0.938197, 0, -0.346101, 15.099, -0.180912, -2.02505)
